1000
 1 284 637
 2 388 900
 3 474 449
 4 22 325
 5 511 714
 6 885 34
 7 437 300
 8 576 158
 9 694 709
 10 590 821
 11 318 402
 12 20 118
 13 493 593
 14 833 204
 15 229 682
 16 704 828
 17 892 814
 18 826 400
 19 350 650
 20 869 34
 21 219 781
 22 572 821
 23 728 956
 24 84 532
 25 981 198
 26 177 686
 27 186 291
 28 915 569
 29 615 89
 30 152 427
 31 670 6
 32 327 584
 33 935 777
 34 790 966
 35 160 612
 36 977 972
 37 735 162
 38 280 241
 39 614 142
 40 563 472
 41 553 508
 42 589 113
 43 878 56
 44 34 763
 45 914 580
 46 381 974
 47 372 464
 48 187 701
 49 720 338
 50 358 464
 51 379 717
 52 815 592
 53 678 573
 54 555 187
 55 745 680
 56 321 711
 57 485 112
 58 461 883
 59 885 366
 60 764 969
 61 82 936
 62 940 312
 63 674 83
 64 775 974
 65 197 372
 66 645 611
 67 723 783
 68 546 288
 69 957 971
 70 731 718
 71 7 61
 72 8 660
 73 342 593
 74 903 888
 75 660 279
 76 533 470
 77 709 9
 78 545 318
 79 108 275
 80 911 40
 81 335 987
 82 286 963
 83 557 496
 84 719 131
 85 960 311
 86 778 120
 87 626 105
 88 94 363
 89 48 288
 90 29 244
 91 13 24
 92 970 726
 93 941 658
 94 184 788
 95 303 212
 96 216 965
 97 477 700
 98 566 899
 99 787 43
 100 657 738
 101 802 590
 102 909 363
 103 224 456
 104 23 352
 105 390 156
 106 20 322
 107 662 605
 108 918 246
 109 894 392
 110 157 550
 111 157 137
 112 941 883
 113 217 387
 114 777 104
 115 651 612
 116 493 715
 117 344 948
 118 816 508
 119 28 926
 120 294 344
 121 573 918
 122 896 711
 123 881 939
 124 710 457
 125 445 446
 126 19 71
 127 916 608
 128 635 670
 129 904 483
 130 524 38
 131 504 863
 132 717 712
 133 445 884
 134 767 623
 135 266 327
 136 47 470
 137 233 13
 138 445 727
 139 548 876
 140 333 347
 141 990 297
 142 536 93
 143 863 372
 144 165 608
 145 973 200
 146 849 257
 147 278 495
 148 728 512
 149 639 3
 150 582 584
 151 207 614
 152 567 70
 153 725 995
 154 887 926
 155 106 477
 156 984 864
 157 365 741
 158 942 754
 159 858 881
 160 744 399
 161 189 104
 162 829 909
 163 297 906
 164 183 380
 165 448 108
 166 465 690
 167 5 761
 168 881 76
 169 6 332
 170 914 927
 171 215 43
 172 514 973
 173 437 109
 174 698 99
 175 609 627
 176 439 150
 177 132 996
 178 875 413
 179 221 939
 180 9 42
 181 476 940
 182 884 275
 183 850 236
 184 42 477
 185 895 253
 186 242 352
 187 864 40
 188 263 413
 189 675 573
 190 480 891
 191 560 222
 192 38 473
 193 238 171
 194 449 982
 195 942 206
 196 911 797
 197 680 446
 198 618 957
 199 577 913
 200 389 92
 201 694 89
 202 115 843
 203 31 498
 204 548 340
 205 867 122
 206 196 344
 207 147 358
 208 218 157
 209 382 318
 210 594 436
 211 257 79
 212 191 209
 213 280 159
 214 249 116
 215 270 949
 216 606 949
 217 549 325
 218 561 372
 219 354 123
 220 772 742
 221 872 104
 222 538 340
 223 799 344
 224 838 645
 225 424 748
 226 825 971
 227 137 138
 228 716 987
 229 632 402
 230 643 86
 231 573 196
 232 410 621
 233 160 29
 234 431 929
 235 284 1
 236 195 904
 237 639 482
 238 910 908
 239 599 334
 240 174 629
 241 834 374
 242 900 703
 243 241 883
 244 891 318
 245 851 548
 246 366 781
 247 226 946
 248 212 47
 249 364 804
 250 826 485
 251 473 126
 252 438 701
 253 787 436
 254 244 667
 255 918 381
 256 999 730
 257 86 555
 258 765 683
 259 160 422
 260 87 878
 261 158 512
 262 828 646
 263 18 443
 264 993 487
 265 517 775
 266 431 643
 267 133 944
 268 825 961
 269 401 267
 270 656 415
 271 194 641
 272 652 6
 273 89 397
 274 618 172
 275 759 551
 276 829 928
 277 452 595
 278 322 221
 279 719 131
 280 628 849
 281 351 625
 282 640 272
 283 268 241
 284 222 697
 285 317 867
 286 413 906
 287 375 174
 288 186 615
 289 326 320
 290 677 494
 291 507 978
 292 920 502
 293 666 560
 294 964 302
 295 383 743
 296 129 794
 297 925 430
 298 194 463
 299 642 639
 300 316 584
 301 395 31
 302 505 369
 303 807 721
 304 164 873
 305 378 41
 306 771 853
 307 89 531
 308 196 806
 309 164 116
 310 222 557
 311 157 289
 312 805 621
 313 220 956
 314 361 830
 315 676 789
 316 484 258
 317 582 692
 318 926 104
 319 671 884
 320 463 70
 321 921 803
 322 640 620
 323 379 455
 324 462 404
 325 46 523
 326 540 29
 327 685 246
 328 460 582
 329 247 220
 330 625 423
 331 557 518
 332 356 860
 333 482 877
 334 921 627
 335 572 900
 336 262 980
 337 750 627
 338 936 344
 339 975 96
 340 937 850
 341 907 952
 342 10 803
 343 915 587
 344 624 626
 345 27 53
 346 462 103
 347 449 928
 348 375 152
 349 661 519
 350 71 493
 351 785 798
 352 389 758
 353 414 973
 354 519 469
 355 600 91
 356 170 126
 357 912 847
 358 787 723
 359 436 946
 360 887 859
 361 268 96
 362 492 658
 363 804 542
 364 930 596
 365 689 117
 366 850 963
 367 482 788
 368 265 721
 369 741 12
 370 928 887
 371 770 476
 372 476 563
 373 560 109
 374 853 640
 375 330 808
 376 733 560
 377 966 972
 378 198 892
 379 178 115
 380 200 124
 381 635 604
 382 687 161
 383 979 531
 384 733 336
 385 86 204
 386 153 794
 387 225 240
 388 475 334
 389 472 982
 390 458 592
 391 155 658
 392 701 138
 393 820 667
 394 82 760
 395 799 277
 396 438 34
 397 702 471
 398 82 611
 399 240 96
 400 958 327
 401 438 3
 402 980 25
 403 82 673
 404 876 857
 405 164 285
 406 88 149
 407 138 498
 408 299 655
 409 587 953
 410 139 716
 411 936 695
 412 279 540
 413 551 43
 414 335 509
 415 942 493
 416 447 346
 417 521 690
 418 647 457
 419 879 700
 420 522 882
 421 895 479
 422 993 996
 423 147 862
 424 124 642
 425 230 627
 426 308 210
 427 71 77
 428 7 133
 429 530 364
 430 113 354
 431 383 856
 432 492 518
 433 162 815
 434 364 126
 435 982 710
 436 98 949
 437 862 887
 438 890 624
 439 882 608
 440 547 175
 441 10 12
 442 362 294
 443 530 883
 444 667 250
 445 178 877
 446 318 39
 447 185 427
 448 146 733
 449 270 702
 450 441 820
 451 946 305
 452 111 412
 453 701 289
 454 879 311
 455 539 622
 456 556 962
 457 331 161
 458 241 846
 459 500 333
 460 847 349
 461 588 778
 462 97 296
 463 607 364
 464 852 230
 465 520 850
 466 336 926
 467 943 971
 468 925 389
 469 335 379
 470 988 971
 471 291 114
 472 572 752
 473 324 742
 474 758 180
 475 969 423
 476 365 108
 477 556 456
 478 677 529
 479 61 294
 480 967 914
 481 374 176
 482 718 625
 483 673 598
 484 497 835
 485 953 750
 486 885 185
 487 940 250
 488 246 444
 489 266 198
 490 987 478
 491 654 885
 492 563 211
 493 477 195
 494 759 373
 495 7 276
 496 990 679
 497 209 731
 498 935 521
 499 165 632
 500 510 139
 501 511 481
 502 454 397
 503 452 897
 504 55 354
 505 81 77
 506 805 469
 507 837 859
 508 805 660
 509 277 78
 510 92 161
 511 226 284
 512 277 760
 513 904 912
 514 599 914
 515 653 75
 516 273 623
 517 772 406
 518 947 691
 519 894 994
 520 466 719
 521 85 336
 522 743 880
 523 908 101
 524 158 101
 525 541 509
 526 294 2
 527 288 673
 528 465 673
 529 245 555
 530 345 32
 531 279 413
 532 13 661
 533 469 985
 534 351 742
 535 662 235
 536 956 38
 537 57 275
 538 935 666
 539 46 959
 540 826 137
 541 99 173
 542 938 817
 543 887 934
 544 893 607
 545 421 870
 546 187 86
 547 990 96
 548 286 305
 549 758 463
 550 632 699
 551 417 935
 552 600 915
 553 721 281
 554 560 174
 555 15 997
 556 165 476
 557 227 554
 558 692 413
 559 530 681
 560 54 148
 561 884 456
 562 40 585
 563 262 946
 564 25 637
 565 90 427
 566 240 830
 567 241 402
 568 346 611
 569 627 263
 570 845 401
 571 219 811
 572 101 19
 573 465 415
 574 16 976
 575 741 261
 576 375 655
 577 581 603
 578 771 285
 579 899 710
 580 50 871
 581 326 90
 582 93 803
 583 628 143
 584 143 256
 585 713 240
 586 868 759
 587 286 606
 588 67 121
 589 64 785
 590 514 775
 591 516 718
 592 860 953
 593 677 331
 594 850 990
 595 313 999
 596 35 826
 597 374 136
 598 113 438
 599 36 684
 600 930 96
 601 55 329
 602 495 587
 603 676 424
 604 525 154
 605 637 787
 606 245 534
 607 43 456
 608 418 152
 609 471 725
 610 159 639
 611 517 979
 612 130 970
 613 957 400
 614 113 330
 615 407 404
 616 376 207
 617 763 829
 618 355 403
 619 338 270
 620 366 131
 621 548 682
 622 399 409
 623 327 582
 624 452 319
 625 680 285
 626 583 246
 627 186 669
 628 27 900
 629 616 782
 630 17 412
 631 120 859
 632 52 815
 633 991 353
 634 725 609
 635 107 348
 636 227 495
 637 984 513
 638 162 588
 639 426 734
 640 975 322
 641 396 174
 642 998 469
 643 619 577
 644 385 675
 645 947 919
 646 533 976
 647 907 901
 648 186 302
 649 167 56
 650 735 762
 651 562 431
 652 767 754
 653 294 613
 654 956 730
 655 194 579
 656 502 949
 657 870 413
 658 32 801
 659 590 75
 660 472 539
 661 905 87
 662 113 522
 663 637 38
 664 151 487
 665 280 23
 666 134 594
 667 149 105
 668 22 96
 669 650 250
 670 679 664
 671 738 913
 672 414 21
 673 628 445
 674 233 757
 675 142 750
 676 285 849
 677 647 401
 678 417 349
 679 680 410
 680 102 599
 681 318 346
 682 86 292
 683 584 151
 684 21 142
 685 455 946
 686 153 290
 687 622 28
 688 42 189
 689 935 538
 690 5 775
 691 760 376
 692 347 440
 693 416 658
 694 473 46
 695 394 669
 696 779 841
 697 293 540
 698 282 189
 699 413 630
 700 8 623
 701 306 540
 702 572 443
 703 794 784
 704 222 842
 705 126 82
 706 8 777
 707 894 684
 708 454 148
 709 986 117
 710 412 129
 711 718 163
 712 107 793
 713 248 289
 714 448 594
 715 201 320
 716 449 15
 717 638 258
 718 325 489
 719 11 321
 720 983 878
 721 163 766
 722 917 504
 723 974 758
 724 59 825
 725 495 927
 726 72 394
 727 352 448
 728 586 723
 729 260 654
 730 395 252
 731 529 171
 732 543 874
 733 761 888
 734 8 406
 735 931 164
 736 992 943
 737 763 797
 738 946 32
 739 898 290
 740 990 452
 741 419 195
 742 983 789
 743 52 216
 744 147 195
 745 309 959
 746 694 146
 747 488 169
 748 851 997
 749 852 211
 750 801 903
 751 304 203
 752 141 936
 753 57 688
 754 538 180
 755 240 804
 756 585 39
 757 715 646
 758 6 981
 759 94 903
 760 266 294
 761 366 199
 762 975 854
 763 938 912
 764 851 171
 765 774 335
 766 803 728
 767 285 499
 768 187 982
 769 514 966
 770 120 521
 771 467 392
 772 523 801
 773 795 331
 774 650 871
 775 619 842
 776 4 975
 777 540 778
 778 592 774
 779 147 482
 780 146 752
 781 953 535
 782 324 764
 783 790 296
 784 637 212
 785 402 225
 786 513 572
 787 759 362
 788 517 235
 789 439 815
 790 253 615
 791 381 779
 792 20 667
 793 674 61
 794 686 444
 795 471 157
 796 997 593
 797 138 648
 798 535 864
 799 927 982
 800 824 118
 801 508 93
 802 265 398
 803 481 750
 804 549 595
 805 426 118
 806 748 241
 807 90 311
 808 446 309
 809 526 308
 810 853 20
 811 435 996
 812 223 385
 813 60 725
 814 263 464
 815 572 322
 816 799 776
 817 701 135
 818 292 894
 819 667 801
 820 430 676
 821 161 594
 822 227 904
 823 853 794
 824 919 217
 825 985 74
 826 201 324
 827 17 906
 828 957 300
 829 781 483
 830 618 104
 831 914 334
 832 247 119
 833 449 74
 834 631 814
 835 283 13
 836 429 410
 837 71 762
 838 438 481
 839 154 521
 840 170 739
 841 938 940
 842 22 622
 843 695 837
 844 290 863
 845 182 13
 846 802 860
 847 900 39
 848 923 598
 849 827 907
 850 11 948
 851 84 639
 852 405 714
 853 129 408
 854 200 112
 855 349 262
 856 188 455
 857 291 165
 858 904 695
 859 928 32
 860 658 300
 861 262 48
 862 244 439
 863 597 202
 864 927 137
 865 136 726
 866 495 994
 867 194 563
 868 891 23
 869 131 648
 870 343 81
 871 227 598
 872 472 210
 873 865 562
 874 403 819
 875 456 990
 876 10 241
 877 103 783
 878 676 895
 879 107 993
 880 168 124
 881 116 982
 882 758 516
 883 625 334
 884 274 621
 885 520 31
 886 798 336
 887 198 502
 888 562 759
 889 807 238
 890 859 606
 891 395 325
 892 989 834
 893 54 791
 894 582 294
 895 146 305
 896 937 396
 897 306 687
 898 364 256
 899 117 410
 900 150 640
 901 269 233
 902 32 952
 903 908 0
 904 423 307
 905 938 430
 906 67 299
 907 790 968
 908 680 209
 909 886 11
 910 894 896
 911 68 927
 912 383 316
 913 655 759
 914 876 680
 915 979 380
 916 908 573
 917 934 577
 918 235 350
 919 8 802
 920 634 64
 921 198 37
 922 745 872
 923 203 739
 924 366 20
 925 212 480
 926 296 163
 927 30 69
 928 813 736
 929 439 127
 930 604 377
 931 877 41
 932 591 863
 933 727 76
 934 185 678
 935 166 702
 936 256 348
 937 319 600
 938 607 335
 939 584 450
 940 723 430
 941 884 265
 942 240 857
 943 421 761
 944 471 461
 945 261 461
 946 350 743
 947 297 331
 948 292 66
 949 747 997
 950 583 556
 951 74 954
 952 980 234
 953 544 91
 954 890 796
 955 168 481
 956 804 420
 957 185 419
 958 513 871
 959 132 645
 960 442 886
 961 70 653
 962 815 270
 963 114 599
 964 766 739
 965 358 321
 966 897 676
 967 264 8
 968 123 215
 969 166 329
 970 671 549
 971 783 780
 972 508 728
 973 472 266
 974 873 961
 975 734 127
 976 561 439
 977 69 562
 978 691 18
 979 484 18
 980 393 837
 981 78 595
 982 595 241
 983 701 926
 984 144 118
 985 980 622
 986 792 620
 987 65 855
 988 664 152
 989 605 113
 990 874 739
 991 994 554
 992 921 420
 993 368 361
 994 238 334
 995 91 918
 996 194 196
 997 829 736
 998 25 560
 999 883 270
 1000 303 563
 500000

