500
 1 778 83
 2 717 25
 3 750 55
 4 589 6
 5 369 29
 6 847 22
 7 829 10
 8 803 29
 9 166 78
 10 782 40
 11 98 69
 12 919 71
 13 290 18
 14 790 29
 15 280 86
 16 596 21
 17 744 78
 18 230 20
 19 324 4
 20 491 22
 21 791 45
 22 885 10
 23 459 89
 24 444 70
 25 933 34
 26 334 8
 27 446 46
 28 971 31
 29 157 17
 30 268 62
 31 296 68
 32 491 16
 33 338 93
 34 678 92
 35 22 27
 36 309 23
 37 329 13
 38 59 41
 39 806 26
 40 706 1
 41 739 72
 42 727 57
 43 192 48
 44 20 6
 45 336 46
 46 452 60
 47 415 7
 48 233 2
 49 284 3
 50 193 86
 51 585 20
 52 735 56
 53 301 45
 54 950 82
 55 946 3
 56 257 88
 57 658 16
 58 53 93
 59 573 25
 60 312 74
 61 221 46
 62 138 94
 63 802 98
 64 793 72
 65 578 61
 66 524 33
 67 376 51
 68 541 34
 69 397 69
 70 745 82
 71 60 35
 72 596 24
 73 439 9
 74 165 77
 75 208 31
 76 865 65
 77 553 33
 78 91 37
 79 21 79
 80 281 12
 81 239 94
 82 106 46
 83 16 12
 84 27 15
 85 231 26
 86 497 24
 87 504 89
 88 112 2
 89 359 23
 90 634 64
 91 565 72
 92 116 54
 93 841 37
 94 338 88
 95 915 96
 96 379 68
 97 377 42
 98 903 77
 99 204 22
 100 12 61
 101 797 36
 102 672 74
 103 601 94
 104 193 81
 105 412 2
 106 928 95
 107 729 81
 108 660 77
 109 448 80
 110 419 36
 111 176 78
 112 364 79
 113 131 90
 114 247 93
 115 225 55
 116 973 83
 117 237 94
 118 500 46
 119 444 39
 120 531 89
 121 59 7
 122 316 50
 123 96 26
 124 887 71
 125 57 74
 126 539 41
 127 777 98
 128 911 89
 129 505 73
 130 743 23
 131 67 90
 132 794 8
 133 865 32
 134 496 92
 135 764 94
 136 961 14
 137 953 86
 138 449 52
 139 189 7
 140 119 18
 141 450 66
 142 77 74
 143 738 38
 144 73 98
 145 559 56
 146 282 67
 147 389 6
 148 887 50
 149 151 58
 150 137 13
 151 646 92
 152 904 48
 153 696 70
 154 43 34
 155 829 60
 156 297 4
 157 413 24
 158 189 28
 159 942 71
 160 47 22
 161 137 74
 162 364 24
 163 459 13
 164 871 93
 165 905 73
 166 585 65
 167 69 89
 168 100 7
 169 110 47
 170 110 8
 171 884 49
 172 577 40
 173 152 37
 174 879 35
 175 161 13
 176 219 58
 177 475 35
 178 938 59
 179 178 97
 180 864 79
 181 885 1
 182 174 96
 183 702 9
 184 241 92
 185 413 30
 186 639 77
 187 780 98
 188 707 2
 189 942 24
 190 808 90
 191 776 64
 192 841 32
 193 473 52
 194 782 92
 195 718 59
 196 436 58
 197 494 37
 198 924 57
 199 60 32
 200 675 45
 201 27 74
 202 417 86
 203 732 31
 204 730 18
 205 338 9
 206 811 50
 207 183 63
 208 95 34
 209 311 20
 210 415 10
 211 658 47
 212 71 96
 213 952 93
 214 461 53
 215 676 21
 216 341 56
 217 827 63
 218 712 83
 219 590 39
 220 411 36
 221 114 57
 222 380 79
 223 713 72
 224 423 19
 225 673 88
 226 54 2
 227 795 89
 228 519 87
 229 510 42
 230 759 39
 231 874 90
 232 316 76
 233 16 78
 234 577 27
 235 6 64
 236 338 60
 237 153 56
 238 575 64
 239 947 93
 240 206 91
 241 668 71
 242 833 96
 243 980 45
 244 358 34
 245 246 43
 246 845 21
 247 369 97
 248 124 62
 249 680 42
 250 174 31
 251 409 4
 252 803 59
 253 891 20
 254 473 54
 255 832 4
 256 520 14
 257 58 50
 258 643 83
 259 338 67
 260 225 29
 261 379 88
 262 571 48
 263 661 92
 264 529 76
 265 374 56
 266 494 11
 267 267 32
 268 842 84
 269 548 68
 270 877 77
 271 29 67
 272 360 45
 273 24 20
 274 112 40
 275 864 90
 276 716 1
 277 689 34
 278 598 71
 279 603 49
 280 927 7
 281 397 43
 282 858 90
 283 591 44
 284 386 39
 285 551 25
 286 271 12
 287 285 76
 288 68 66
 289 866 17
 290 108 95
 291 459 80
 292 483 4
 293 756 76
 294 953 32
 295 927 77
 296 681 0
 297 627 91
 298 176 73
 299 673 64
 300 184 36
 301 922 21
 302 796 36
 303 685 65
 304 270 99
 305 253 10
 306 652 27
 307 526 80
 308 714 96
 309 832 91
 310 696 64
 311 20 84
 312 652 2
 313 211 65
 314 507 56
 315 694 44
 316 760 91
 317 976 32
 318 703 9
 319 760 7
 320 563 11
 321 635 10
 322 131 81
 323 470 73
 324 396 91
 325 353 2
 326 456 34
 327 182 14
 328 668 25
 329 233 97
 330 255 6
 331 338 44
 332 846 44
 333 861 76
 334 540 54
 335 291 26
 336 119 78
 337 449 29
 338 334 93
 339 110 40
 340 134 51
 341 27 5
 342 124 91
 343 130 39
 344 244 81
 345 833 13
 346 976 92
 347 224 20
 348 573 40
 349 245 88
 350 703 8
 351 969 90
 352 29 40
 353 132 92
 354 783 38
 355 531 42
 356 580 12
 357 210 57
 358 536 63
 359 460 23
 360 138 62
 361 295 32
 362 515 17
 363 165 8
 364 10 81
 365 892 93
 366 293 83
 367 935 35
 368 282 33
 369 326 74
 370 780 57
 371 961 41
 372 881 80
 373 210 22
 374 736 50
 375 639 94
 376 664 12
 377 111 43
 378 51 11
 379 940 43
 380 513 65
 381 94 33
 382 169 34
 383 697 52
 384 363 34
 385 500 84
 386 376 33
 387 971 94
 388 283 44
 389 879 10
 390 337 7
 391 736 76
 392 627 88
 393 84 72
 394 292 83
 395 82 83
 396 958 27
 397 639 76
 398 551 50
 399 514 75
 400 185 9
 401 163 97
 402 72 47
 403 525 41
 404 500 81
 405 189 83
 406 926 59
 407 26 44
 408 535 49
 409 524 66
 410 763 16
 411 474 62
 412 493 59
 413 636 8
 414 44 91
 415 758 6
 416 419 60
 417 725 70
 418 207 51
 419 292 14
 420 601 29
 421 632 73
 422 51 25
 423 914 36
 424 663 23
 425 234 58
 426 475 36
 427 241 14
 428 113 6
 429 815 12
 430 443 4
 431 202 59
 432 731 22
 433 80 10
 434 889 57
 435 396 36
 436 550 22
 437 660 43
 438 364 14
 439 691 82
 440 352 50
 441 427 71
 442 680 68
 443 874 5
 444 575 26
 445 749 85
 446 856 42
 447 522 92
 448 775 79
 449 7 5
 450 690 92
 451 784 97
 452 718 23
 453 61 49
 454 230 26
 455 890 39
 456 23 38
 457 193 86
 458 431 59
 459 946 8
 460 667 29
 461 250 33
 462 479 36
 463 433 98
 464 41 4
 465 813 48
 466 103 29
 467 797 72
 468 950 73
 469 912 96
 470 956 28
 471 11 48
 472 197 51
 473 897 2
 474 866 55
 475 284 67
 476 169 25
 477 274 60
 478 517 3
 479 396 93
 480 805 27
 481 992 94
 482 706 27
 483 998 0
 484 2 54
 485 167 43
 486 731 5
 487 601 7
 488 9 22
 489 127 71
 490 775 81
 491 917 58
 492 932 8
 493 658 33
 494 813 91
 495 542 54
 496 761 94
 497 458 8
 498 690 51
 499 743 27
 500 182 47
20000
