200
 1 792 181
 2 384 192
 3 535 157
 4 23 950
 5 781 874
 6 984 355
 7 846 738
 8 550 689
 9 31 498
 10 899 223
 11 667 390
 12 35 596
 13 411 274
 14 678 223
 15 19 404
 16 964 957
 17 57 497
 18 864 653
 19 201 120
 20 215 107
 21 556 343
 22 306 599
 23 47 992
 24 454 849
 25 456 327
 26 165 124
 27 387 739
 28 493 132
 29 586 766
 30 551 573
 31 747 435
 32 450 410
 33 411 659
 34 142 374
 35 824 20
 36 220 922
 37 229 47
 38 258 492
 39 198 332
 40 117 352
 41 915 740
 42 407 501
 43 522 595
 44 208 735
 45 653 40
 46 768 501
 47 874 578
 48 922 927
 49 617 321
 50 917 629
 51 480 614
 52 508 414
 53 386 495
 54 997 356
 55 775 83
 56 287 160
 57 429 590
 58 116 904
 59 612 90
 60 534 490
 61 79 603
 62 38 195
 63 781 741
 64 879 664
 65 439 748
 66 961 112
 67 13 184
 68 434 748
 69 210 979
 70 431 156
 71 230 976
 72 320 968
 73 681 289
 74 489 399
 75 996 613
 76 476 872
 77 4 268
 78 412 546
 79 744 841
 80 445 810
 81 978 387
 82 815 105
 83 75 767
 84 33 839
 85 38 222
 86 595 960
 87 622 415
 88 307 345
 89 155 120
 90 521 608
 91 480 102
 92 870 221
 93 576 127
 94 375 56
 95 807 304
 96 480 224
 97 525 496
 98 723 61
 99 53 280
 100 983 547
 101 732 909
 102 277 692
 103 468 740
 104 702 449
 105 168 544
 106 425 469
 107 34 867
 108 857 990
 109 624 799
 110 442 824
 111 430 24
 112 932 319
 113 876 456
 114 816 248
 115 768 766
 116 519 573
 117 367 580
 118 330 868
 119 772 427
 120 540 300
 121 323 77
 122 36 275
 123 367 135
 124 479 438
 125 167 185
 126 898 365
 127 104 83
 128 813 426
 129 628 798
 130 258 502
 131 424 661
 132 525 273
 133 891 334
 134 934 196
 135 330 936
 136 49 444
 137 640 922
 138 263 606
 139 699 14
 140 941 865
 141 802 65
 142 26 572
 143 650 231
 144 527 333
 145 408 71
 146 102 459
 147 88 121
 148 173 9
 149 932 32
 150 28 104
 151 753 720
 152 561 664
 153 571 772
 154 45 306
 155 585 4
 156 624 644
 157 979 274
 158 439 34
 159 224 72
 160 358 901
 161 964 967
 162 216 723
 163 654 366
 164 603 372
 165 175 357
 166 273 372
 167 526 709
 168 624 705
 169 41 823
 170 707 363
 171 654 677
 172 938 730
 173 216 841
 174 125 425
 175 189 56
 176 14 86
 177 428 282
 178 51 682
 179 932 680
 180 339 91
 181 927 139
 182 768 155
 183 837 205
 184 898 413
 185 909 86
 186 653 996
 187 559 222
 188 944 792
 189 788 513
 190 591 630
 191 295 732
 192 219 506
 193 29 491
 194 244 556
 195 863 244
 196 688 660
 197 384 659
 198 190 707
 199 626 467
 200 955 424
 93897

