700
 1 303 13
 2 687 520
 3 632 210
 4 642 191
 5 669 917
 6 626 223
 7 885 325
 8 194 814
 9 513 930
 10 220 286
 11 110 473
 12 481 997
 13 295 496
 14 200 325
 15 517 688
 16 218 810
 17 676 152
 18 446 684
 19 682 221
 20 358 82
 21 39 591
 22 956 975
 23 100 783
 24 930 481
 25 418 525
 26 677 195
 27 655 967
 28 661 309
 29 551 163
 30 596 138
 31 405 981
 32 592 495
 33 469 980
 34 687 67
 35 63 918
 36 6 897
 37 794 44
 38 62 754
 39 579 489
 40 451 792
 41 960 475
 42 418 678
 43 629 500
 44 927 979
 45 170 259
 46 64 837
 47 935 395
 48 762 497
 49 37 301
 50 454 497
 51 507 185
 52 7 695
 53 209 616
 54 530 38
 55 653 437
 56 698 47
 57 416 138
 58 16 817
 59 939 46
 60 196 2
 61 907 428
 62 346 338
 63 150 695
 64 275 735
 65 657 849
 66 39 578
 67 273 899
 68 36 512
 69 570 223
 70 422 37
 71 614 65
 72 539 203
 73 29 156
 74 785 481
 75 158 776
 76 671 359
 77 696 185
 78 333 229
 79 487 604
 80 329 658
 81 958 418
 82 78 682
 83 429 127
 84 42 633
 85 559 588
 86 85 149
 87 75 104
 88 914 72
 89 165 285
 90 443 578
 91 625 671
 92 637 109
 93 379 383
 94 93 202
 95 821 78
 96 541 17
 97 758 133
 98 176 149
 99 636 529
 100 373 22
 101 510 860
 102 907 512
 103 872 22
 104 58 209
 105 339 539
 106 681 712
 107 376 278
 108 962 209
 109 401 803
 110 558 621
 111 213 201
 112 926 310
 113 294 222
 114 935 151
 115 681 765
 116 65 738
 117 33 99
 118 980 60
 119 631 240
 120 776 763
 121 746 176
 122 288 119
 123 496 705
 124 745 798
 125 774 622
 126 924 82
 127 946 402
 128 726 781
 129 498 849
 130 281 453
 131 392 344
 132 537 978
 133 325 501
 134 517 267
 135 847 449
 136 143 289
 137 40 833
 138 298 596
 139 644 708
 140 455 225
 141 703 95
 142 532 701
 143 192 756
 144 154 699
 145 606 769
 146 889 905
 147 246 589
 148 858 225
 149 910 309
 150 416 323
 151 313 597
 152 724 360
 153 991 738
 154 228 185
 155 600 772
 156 840 62
 157 910 449
 158 585 970
 159 564 35
 160 477 395
 161 638 28
 162 387 248
 163 942 752
 164 471 196
 165 240 297
 166 939 775
 167 59 920
 168 867 971
 169 125 7
 170 747 323
 171 929 467
 172 807 504
 173 904 751
 174 166 653
 175 417 956
 176 876 482
 177 686 12
 178 835 703
 179 493 374
 180 974 542
 181 383 987
 182 417 2
 183 712 455
 184 48 671
 185 532 491
 186 18 855
 187 939 328
 188 377 299
 189 424 654
 190 337 883
 191 436 874
 192 243 12
 193 129 790
 194 270 752
 195 462 362
 196 168 124
 197 735 208
 198 942 762
 199 893 77
 200 998 135
 201 993 3
 202 949 983
 203 480 532
 204 826 932
 205 940 98
 206 230 238
 207 928 977
 208 398 388
 209 829 325
 210 822 240
 211 125 208
 212 524 433
 213 59 515
 214 38 778
 215 437 246
 216 49 592
 217 240 979
 218 648 208
 219 695 757
 220 29 463
 221 623 486
 222 631 859
 223 569 925
 224 544 815
 225 373 863
 226 961 28
 227 783 868
 228 148 954
 229 145 466
 230 790 478
 231 13 463
 232 687 565
 233 693 983
 234 839 791
 235 521 950
 236 55 439
 237 908 231
 238 401 359
 239 564 283
 240 253 976
 241 652 246
 242 602 942
 243 287 243
 244 461 26
 245 603 703
 246 176 186
 247 976 667
 248 834 707
 249 44 651
 250 487 198
 251 636 211
 252 252 760
 253 465 66
 254 137 764
 255 140 510
 256 635 587
 257 959 295
 258 637 476
 259 426 208
 260 850 166
 261 175 191
 262 106 978
 263 971 630
 264 591 245
 265 257 714
 266 82 899
 267 508 841
 268 47 560
 269 224 128
 270 426 559
 271 926 930
 272 268 310
 273 890 877
 274 390 664
 275 579 303
 276 728 314
 277 527 966
 278 7 658
 279 120 772
 280 353 984
 281 711 225
 282 30 968
 283 523 419
 284 837 384
 285 878 360
 286 888 109
 287 197 724
 288 197 66
 289 698 446
 290 193 992
 291 711 324
 292 995 817
 293 616 328
 294 115 677
 295 262 210
 296 493 864
 297 468 44
 298 454 747
 299 648 69
 300 769 807
 301 31 837
 302 399 416
 303 709 487
 304 169 358
 305 873 748
 306 131 254
 307 801 108
 308 70 63
 309 542 664
 310 914 121
 311 414 859
 312 607 608
 313 730 103
 314 158 311
 315 444 571
 316 897 278
 317 631 538
 318 379 438
 319 811 167
 320 285 515
 321 235 468
 322 958 800
 323 965 442
 324 743 609
 325 797 491
 326 736 465
 327 702 787
 328 490 748
 329 23 61
 330 138 751
 331 277 418
 332 703 412
 333 946 228
 334 40 617
 335 82 568
 336 765 840
 337 14 42
 338 136 489
 339 144 651
 340 415 827
 341 585 53
 342 458 625
 343 754 143
 344 219 441
 345 565 795
 346 767 513
 347 231 549
 348 703 99
 349 468 415
 350 51 623
 351 199 879
 352 140 494
 353 965 938
 354 500 324
 355 53 657
 356 933 360
 357 70 674
 358 298 670
 359 309 386
 360 902 843
 361 417 685
 362 823 128
 363 852 440
 364 422 575
 365 121 958
 366 214 66
 367 141 527
 368 439 636
 369 4 983
 370 878 455
 371 944 242
 372 747 380
 373 992 909
 374 422 114
 375 251 816
 376 814 685
 377 119 271
 378 144 231
 379 379 872
 380 88 509
 381 397 575
 382 511 368
 383 104 540
 384 202 132
 385 6 342
 386 106 493
 387 518 793
 388 69 189
 389 379 971
 390 401 994
 391 200 333
 392 224 116
 393 395 469
 394 525 108
 395 261 104
 396 521 32
 397 979 636
 398 321 548
 399 221 107
 400 208 978
 401 177 539
 402 45 610
 403 163 827
 404 369 260
 405 698 192
 406 663 466
 407 770 142
 408 768 627
 409 761 154
 410 130 570
 411 992 916
 412 164 557
 413 409 106
 414 432 329
 415 688 879
 416 558 955
 417 695 594
 418 473 897
 419 233 355
 420 737 455
 421 387 112
 422 212 126
 423 602 222
 424 513 415
 425 197 251
 426 915 829
 427 584 520
 428 718 776
 429 345 772
 430 289 653
 431 179 68
 432 224 979
 433 877 687
 434 564 96
 435 663 149
 436 657 562
 437 240 551
 438 981 210
 439 558 97
 440 112 659
 441 667 244
 442 964 777
 443 528 281
 444 490 852
 445 297 136
 446 950 555
 447 492 806
 448 81 637
 449 447 101
 450 361 458
 451 662 317
 452 407 536
 453 406 360
 454 156 35
 455 977 484
 456 217 644
 457 942 489
 458 266 186
 459 228 362
 460 957 93
 461 763 720
 462 253 918
 463 823 722
 464 822 533
 465 601 937
 466 540 515
 467 404 184
 468 93 62
 469 425 864
 470 791 35
 471 960 233
 472 703 205
 473 260 245
 474 623 851
 475 857 127
 476 675 464
 477 788 745
 478 849 372
 479 807 651
 480 346 704
 481 15 399
 482 345 871
 483 92 312
 484 975 584
 485 109 867
 486 329 807
 487 206 638
 488 31 851
 489 999 30
 490 601 546
 491 922 469
 492 288 225
 493 392 687
 494 558 280
 495 664 861
 496 147 842
 497 293 19
 498 637 122
 499 659 892
 500 835 953
 501 510 461
 502 470 564
 503 927 847
 504 4 673
 505 845 110
 506 547 954
 507 835 182
 508 127 875
 509 243 382
 510 376 654
 511 695 4
 512 3 110
 513 823 288
 514 762 40
 515 668 373
 516 859 717
 517 632 698
 518 10 772
 519 80 342
 520 964 228
 521 488 378
 522 465 319
 523 617 88
 524 484 467
 525 857 369
 526 667 682
 527 583 933
 528 670 433
 529 257 987
 530 302 829
 531 676 713
 532 691 617
 533 103 949
 534 257 508
 535 149 721
 536 784 504
 537 461 237
 538 743 949
 539 951 439
 540 957 756
 541 910 541
 542 195 176
 543 700 891
 544 401 414
 545 158 456
 546 284 349
 547 502 459
 548 592 368
 549 647 59
 550 368 457
 551 768 52
 552 607 616
 553 640 589
 554 954 545
 555 602 309
 556 460 3
 557 965 326
 558 397 412
 559 459 443
 560 992 154
 561 924 435
 562 272 116
 563 366 551
 564 758 599
 565 107 904
 566 73 565
 567 144 361
 568 371 536
 569 693 996
 570 44 397
 571 309 744
 572 374 91
 573 204 64
 574 844 114
 575 240 791
 576 607 288
 577 221 384
 578 926 622
 579 881 674
 580 753 594
 581 513 855
 582 330 998
 583 542 62
 584 729 789
 585 608 951
 586 307 46
 587 45 532
 588 414 945
 589 381 87
 590 596 830
 591 197 653
 592 185 317
 593 647 666
 594 970 967
 595 202 503
 596 212 316
 597 451 470
 598 542 38
 599 160 318
 600 821 995
 601 53 153
 602 386 48
 603 509 675
 604 465 728
 605 438 934
 606 745 580
 607 537 576
 608 443 412
 609 604 382
 610 561 924
 611 446 914
 612 788 298
 613 7 743
 614 465 459
 615 897 885
 616 370 733
 617 463 168
 618 61 791
 619 577 555
 620 955 229
 621 577 514
 622 847 176
 623 237 109
 624 176 626
 625 345 840
 626 189 255
 627 968 495
 628 180 975
 629 615 927
 630 40 263
 631 150 896
 632 701 32
 633 612 814
 634 536 479
 635 750 487
 636 895 731
 637 163 159
 638 194 238
 639 839 711
 640 677 802
 641 754 492
 642 692 285
 643 37 611
 644 762 663
 645 56 450
 646 493 120
 647 218 466
 648 313 399
 649 774 808
 650 871 869
 651 495 99
 652 538 479
 653 568 272
 654 31 586
 655 866 810
 656 454 849
 657 363 565
 658 905 794
 659 239 9
 660 416 336
 661 422 875
 662 190 705
 663 490 303
 664 139 126
 665 859 26
 666 551 763
 667 184 684
 668 680 109
 669 540 987
 670 904 960
 671 475 66
 672 951 995
 673 280 288
 674 552 683
 675 933 853
 676 954 907
 677 349 8
 678 525 29
 679 425 787
 680 655 267
 681 781 664
 682 435 670
 683 390 957
 684 708 136
 685 747 426
 686 555 965
 687 741 371
 688 387 699
 689 997 921
 690 301 610
 691 312 484
 692 821 398
 693 393 811
 694 736 906
 695 723 235
 696 24 159
 697 857 893
 698 382 515
 699 661 34
 700 59 228
 30000


