1000
 1 36 86
 2 19 49
 3 78 70
 4 77 9
 5 73 62
 6 98 16
 7 36 0
 8 64 38
 9 14 50
 10 95 99
 11 8 70
 12 49 89
 13 30 56
 14 91 29
 15 30 76
 16 54 23
 17 11 94
 18 84 35
 19 70 96
 20 64 22
 21 38 55
 22 89 30
 23 77 67
 24 15 75
 25 48 93
 26 40 8
 27 20 62
 28 29 54
 29 28 10
 30 89 15
 31 15 34
 32 52 42
 33 74 81
 34 37 86
 35 63 74
 36 7 70
 37 73 3
 38 77 81
 39 56 10
 40 56 80
 41 42 8
 42 46 78
 43 79 48
 44 0 55
 45 10 73
 46 91 56
 47 72 20
 48 32 82
 49 94 29
 50 50 97
 51 41 33
 52 58 85
 53 46 2
 54 89 58
 55 29 43
 56 38 17
 57 13 42
 58 82 95
 59 73 41
 60 45 60
 61 91 89
 62 75 56
 63 98 94
 64 0 88
 65 75 59
 66 43 81
 67 24 69
 68 37 2
 69 60 24
 70 42 47
 71 44 18
 72 45 97
 73 44 41
 74 0 18
 75 78 96
 76 48 14
 77 91 46
 78 74 16
 79 7 38
 80 24 71
 81 76 7
 82 19 40
 83 88 20
 84 49 87
 85 68 1
 86 40 58
 87 33 34
 88 49 77
 89 40 24
 90 36 63
 91 22 65
 92 57 1
 93 27 3
 94 40 71
 95 85 39
 96 30 12
 97 33 17
 98 51 0
 99 49 28
 100 13 25
 101 37 68
 102 99 41
 103 8 11
 104 67 56
 105 8 78
 106 30 26
 107 2 85
 108 80 97
 109 51 74
 110 25 36
 111 58 82
 112 40 59
 113 83 81
 114 27 55
 115 95 85
 116 13 67
 117 92 83
 118 42 98
 119 25 10
 120 58 76
 121 41 72
 122 25 15
 123 24 47
 124 50 61
 125 2 97
 126 52 45
 127 40 25
 128 33 32
 129 30 51
 130 23 59
 131 87 46
 132 65 99
 133 92 72
 134 15 40
 135 68 70
 136 34 74
 137 86 95
 138 38 10
 139 29 16
 140 30 58
 141 28 78
 142 10 1
 143 65 31
 144 53 62
 145 97 82
 146 23 87
 147 99 87
 148 42 41
 149 50 88
 150 56 55
 151 41 76
 152 95 65
 153 9 1
 154 65 84
 155 21 51
 156 49 27
 157 99 55
 158 87 77
 159 87 13
 160 85 14
 161 1 68
 162 58 51
 163 0 49
 164 19 23
 165 42 95
 166 54 16
 167 24 11
 168 38 39
 169 50 95
 170 98 8
 171 72 60
 172 86 74
 173 12 1
 174 87 19
 175 13 54
 176 44 71
 177 57 55
 178 65 84
 179 2 39
 180 45 23
 181 83 34
 182 64 21
 183 45 31
 184 30 1
 185 34 17
 186 28 18
 187 7 44
 188 85 17
 189 9 44
 190 10 93
 191 6 87
 192 6 6
 193 14 73
 194 92 4
 195 10 34
 196 6 49
 197 65 95
 198 44 76
 199 20 77
 200 63 42
 201 88 55
 202 69 18
 203 84 62
 204 42 48
 205 82 0
 206 95 53
 207 76 3
 208 75 79
 209 19 24
 210 87 85
 211 26 17
 212 28 75
 213 57 6
 214 16 80
 215 50 52
 216 78 91
 217 53 32
 218 3 24
 219 84 99
 220 17 8
 221 82 69
 222 59 49
 223 86 54
 224 32 10
 225 69 89
 226 73 34
 227 31 24
 228 30 63
 229 19 37
 230 81 21
 231 33 92
 232 58 36
 233 89 66
 234 6 64
 235 28 54
 236 91 77
 237 78 63
 238 98 80
 239 39 49
 240 16 10
 241 31 12
 242 67 15
 243 50 88
 244 57 61
 245 14 63
 246 27 47
 247 50 18
 248 95 89
 249 55 20
 250 60 31
 251 2 28
 252 67 54
 253 53 97
 254 52 71
 255 97 91
 256 47 36
 257 46 78
 258 81 68
 259 85 72
 260 11 23
 261 98 92
 262 29 54
 263 5 38
 264 29 81
 265 12 17
 266 55 4
 267 71 31
 268 2 89
 269 68 25
 270 0 84
 271 15 9
 272 78 23
 273 69 68
 274 15 33
 275 74 8
 276 66 83
 277 12 55
 278 93 71
 279 35 75
 280 13 77
 281 35 38
 282 61 51
 283 40 46
 284 58 79
 285 7 29
 286 3 89
 287 13 70
 288 36 0
 289 33 93
 290 81 39
 291 15 37
 292 82 5
 293 84 66
 294 41 28
 295 74 77
 296 38 80
 297 96 64
 298 83 0
 299 67 94
 300 81 27
 301 33 19
 302 9 40
 303 75 46
 304 33 79
 305 37 68
 306 22 4
 307 2 79
 308 53 95
 309 97 91
 310 54 87
 311 47 92
 312 49 19
 313 24 13
 314 36 27
 315 10 85
 316 26 11
 317 82 5
 318 50 95
 319 9 22
 320 89 55
 321 86 9
 322 15 30
 323 65 73
 324 1 86
 325 16 23
 326 87 27
 327 71 50
 328 64 58
 329 7 26
 330 99 20
 331 28 47
 332 30 12
 333 15 60
 334 22 97
 335 7 33
 336 13 69
 337 32 19
 338 64 28
 339 70 7
 340 53 65
 341 72 42
 342 46 8
 343 8 88
 344 77 88
 345 40 47
 346 23 60
 347 76 91
 348 44 13
 349 15 48
 350 40 2
 351 13 0
 352 32 57
 353 58 56
 354 77 30
 355 75 29
 356 22 2
 357 70 4
 358 49 82
 359 64 88
 360 79 58
 361 72 40
 362 13 29
 363 92 17
 364 24 3
 365 80 29
 366 25 71
 367 27 66
 368 50 94
 369 56 82
 370 85 32
 371 2 40
 372 62 74
 373 89 37
 374 89 98
 375 57 17
 376 54 80
 377 79 61
 378 21 37
 379 82 6
 380 54 94
 381 67 43
 382 37 34
 383 29 11
 384 48 81
 385 59 34
 386 93 18
 387 98 4
 388 83 49
 389 62 57
 390 30 82
 391 53 24
 392 91 61
 393 95 21
 394 27 63
 395 4 33
 396 55 41
 397 38 18
 398 56 57
 399 91 60
 400 9 74
 401 71 1
 402 25 77
 403 22 16
 404 85 46
 405 0 80
 406 8 76
 407 59 76
 408 73 22
 409 31 94
 410 90 79
 411 89 35
 412 10 53
 413 45 58
 414 37 2
 415 5 97
 416 89 4
 417 19 9
 418 5 92
 419 44 76
 420 6 30
 421 96 34
 422 18 7
 423 78 77
 424 36 47
 425 25 7
 426 75 93
 427 69 2
 428 27 78
 429 27 51
 430 62 51
 431 91 40
 432 52 4
 433 36 3
 434 21 70
 435 27 53
 436 88 72
 437 70 78
 438 1 87
 439 4 60
 440 57 11
 441 57 7
 442 54 2
 443 35 61
 444 82 75
 445 93 0
 446 45 71
 447 37 3
 448 23 2
 449 77 3
 450 36 13
 451 91 42
 452 58 30
 453 89 54
 454 69 76
 455 87 52
 456 47 39
 457 88 83
 458 35 80
 459 57 82
 460 80 41
 461 62 99
 462 99 87
 463 55 50
 464 41 89
 465 67 0
 466 19 53
 467 23 31
 468 21 13
 469 97 32
 470 78 14
 471 5 42
 472 90 91
 473 42 64
 474 61 29
 475 42 37
 476 96 0
 477 51 10
 478 11 17
 479 22 80
 480 18 2
 481 13 28
 482 46 32
 483 5 57
 484 23 76
 485 99 78
 486 47 6
 487 69 41
 488 26 94
 489 42 96
 490 42 12
 491 30 78
 492 7 47
 493 51 78
 494 19 31
 495 48 77
 496 75 77
 497 20 18
 498 45 31
 499 32 15
 500 86 13
 501 63 38
 502 14 30
 503 19 14
 504 92 29
 505 24 64
 506 56 85
 507 1 70
 508 39 79
 509 19 35
 510 41 55
 511 66 78
 512 18 9
 513 19 85
 514 71 99
 515 60 58
 516 42 49
 517 76 29
 518 89 16
 519 2 43
 520 39 23
 521 69 68
 522 24 28
 523 67 33
 524 50 40
 525 6 93
 526 30 87
 527 4 94
 528 33 7
 529 27 15
 530 38 47
 531 45 1
 532 97 55
 533 22 3
 534 52 31
 535 56 27
 536 19 54
 537 33 88
 538 25 30
 539 60 41
 540 31 37
 541 85 12
 542 5 42
 543 27 17
 544 96 82
 545 47 38
 546 8 55
 547 51 24
 548 57 68
 549 58 56
 550 9 79
 551 60 48
 552 4 52
 553 67 36
 554 53 93
 555 68 53
 556 99 19
 557 87 0
 558 24 32
 559 9 40
 560 73 32
 561 84 91
 562 53 31
 563 58 68
 564 69 12
 565 20 76
 566 46 68
 567 94 18
 568 11 65
 569 48 15
 570 46 75
 571 75 18
 572 64 50
 573 69 13
 574 73 66
 575 92 70
 576 6 79
 577 10 22
 578 23 31
 579 30 29
 580 25 67
 581 59 31
 582 45 99
 583 30 77
 584 67 18
 585 67 23
 586 93 83
 587 17 78
 588 60 13
 589 99 79
 590 53 82
 591 50 48
 592 43 35
 593 28 91
 594 24 88
 595 47 1
 596 46 32
 597 72 36
 598 76 6
 599 4 26
 600 21 95
 601 1 38
 602 2 53
 603 30 45
 604 35 73
 605 72 41
 606 92 14
 607 48 97
 608 18 21
 609 6 2
 610 66 4
 611 89 74
 612 47 59
 613 26 77
 614 39 75
 615 48 96
 616 67 60
 617 37 14
 618 72 93
 619 94 29
 620 27 37
 621 96 77
 622 30 9
 623 75 10
 624 21 25
 625 49 71
 626 75 93
 627 28 16
 628 24 2
 629 94 96
 630 60 21
 631 86 84
 632 87 44
 633 24 57
 634 53 99
 635 65 33
 636 70 99
 637 0 57
 638 2 11
 639 89 98
 640 43 7
 641 93 14
 642 51 34
 643 33 62
 644 94 47
 645 7 47
 646 53 24
 647 94 29
 648 28 32
 649 85 60
 650 19 95
 651 67 46
 652 75 25
 653 16 7
 654 85 36
 655 16 5
 656 52 34
 657 85 83
 658 16 39
 659 70 4
 660 51 18
 661 62 64
 662 15 48
 663 28 16
 664 87 63
 665 61 72
 666 31 42
 667 13 70
 668 31 63
 669 87 65
 670 95 0
 671 47 36
 672 77 91
 673 86 73
 674 48 80
 675 32 15
 676 9 57
 677 95 80
 678 78 54
 679 52 96
 680 67 26
 681 91 63
 682 8 71
 683 37 77
 684 60 22
 685 98 4
 686 44 11
 687 81 58
 688 45 81
 689 15 22
 690 44 61
 691 7 38
 692 76 70
 693 17 79
 694 34 44
 695 62 5
 696 80 69
 697 52 46
 698 88 26
 699 4 98
 700 64 78
 701 36 92
 702 96 98
 703 36 64
 704 24 85
 705 8 68
 706 88 67
 707 16 62
 708 78 62
 709 0 49
 710 74 60
 711 27 48
 712 90 8
 713 28 68
 714 9 47
 715 94 69
 716 87 95
 717 50 57
 718 98 52
 719 43 49
 720 94 99
 721 27 81
 722 92 60
 723 93 46
 724 69 84
 725 45 46
 726 63 61
 727 97 16
 728 98 50
 729 22 27
 730 60 10
 731 36 83
 732 23 8
 733 75 7
 734 95 65
 735 5 13
 736 8 19
 737 65 31
 738 79 90
 739 7 42
 740 40 9
 741 84 38
 742 57 39
 743 25 34
 744 34 64
 745 66 62
 746 17 47
 747 92 51
 748 82 98
 749 92 94
 750 67 81
 751 56 73
 752 17 24
 753 85 75
 754 58 4
 755 43 75
 756 4 37
 757 68 89
 758 16 34
 759 3 85
 760 1 5
 761 73 88
 762 44 75
 763 91 77
 764 55 72
 765 80 33
 766 14 80
 767 11 96
 768 61 46
 769 20 49
 770 33 82
 771 87 56
 772 36 11
 773 49 78
 774 60 42
 775 60 65
 776 96 10
 777 27 47
 778 76 13
 779 38 94
 780 86 99
 781 40 30
 782 99 42
 783 82 43
 784 73 43
 785 25 69
 786 96 69
 787 41 54
 788 44 24
 789 40 19
 790 20 39
 791 70 19
 792 97 27
 793 63 21
 794 82 1
 795 43 13
 796 44 15
 797 91 83
 798 7 32
 799 37 81
 800 20 93
 801 90 79
 802 15 63
 803 55 3
 804 92 39
 805 57 94
 806 41 26
 807 94 46
 808 87 19
 809 6 72
 810 34 15
 811 80 15
 812 4 31
 813 86 30
 814 42 20
 815 67 70
 816 86 61
 817 95 26
 818 53 74
 819 75 82
 820 53 42
 821 63 61
 822 55 42
 823 61 7
 824 78 63
 825 27 98
 826 76 31
 827 47 35
 828 70 69
 829 61 45
 830 0 72
 831 46 7
 832 35 86
 833 45 20
 834 87 76
 835 71 57
 836 1 55
 837 35 6
 838 30 83
 839 77 73
 840 39 3
 841 11 12
 842 91 13
 843 70 17
 844 71 42
 845 47 85
 846 33 75
 847 53 39
 848 56 25
 849 72 16
 850 41 91
 851 17 8
 852 11 42
 853 64 90
 854 81 37
 855 48 48
 856 0 74
 857 13 94
 858 29 94
 859 8 74
 860 82 1
 861 60 98
 862 24 33
 863 84 39
 864 0 78
 865 87 1
 866 35 6
 867 87 23
 868 80 72
 869 63 13
 870 58 48
 871 64 85
 872 40 9
 873 50 40
 874 72 92
 875 88 14
 876 79 60
 877 73 5
 878 34 43
 879 75 18
 880 35 16
 881 86 81
 882 48 62
 883 83 8
 884 98 77
 885 27 43
 886 43 76
 887 99 47
 888 68 24
 889 93 26
 890 97 85
 891 12 3
 892 22 3
 893 94 23
 894 71 3
 895 34 64
 896 70 0
 897 70 86
 898 89 1
 899 12 92
 900 12 57
 901 69 68
 902 72 78
 903 71 91
 904 14 38
 905 47 31
 906 59 32
 907 27 96
 908 64 36
 909 78 51
 910 55 39
 911 97 2
 912 68 42
 913 55 21
 914 86 76
 915 29 73
 916 74 87
 917 52 80
 918 31 21
 919 78 96
 920 13 64
 921 71 97
 922 56 17
 923 68 90
 924 84 65
 925 21 40
 926 57 70
 927 69 59
 928 29 5
 929 0 38
 930 27 8
 931 28 70
 932 45 76
 933 89 74
 934 2 24
 935 26 94
 936 25 54
 937 6 95
 938 42 32
 939 33 31
 940 62 75
 941 61 22
 942 67 36
 943 40 56
 944 45 10
 945 86 93
 946 80 60
 947 92 68
 948 55 67
 949 64 8
 950 54 9
 951 57 6
 952 70 87
 953 15 64
 954 14 66
 955 57 10
 956 14 37
 957 11 96
 958 3 25
 959 71 68
 960 85 13
 961 88 94
 962 64 24
 963 69 14
 964 7 58
 965 84 9
 966 83 76
 967 94 40
 968 41 80
 969 51 73
 970 19 9
 971 24 64
 972 21 48
 973 17 8
 974 37 97
 975 26 80
 976 24 1
 977 83 13
 978 84 96
 979 70 4
 980 62 30
 981 37 76
 982 81 75
 983 48 74
 984 85 97
 985 42 51
 986 79 3
 987 45 52
 988 30 72
 989 87 28
 990 23 72
 991 1 94
 992 50 59
 993 18 49
 994 32 0
 995 69 27
 996 74 82
 997 16 70
 998 12 71
 999 53 22
 1000 7 49
40000

