100
 1 86 30
 2 58 18
 3 66 19
 4 26 30
 5 47 3
 6 89 53
 7 1 65
 8 92 65
 9 70 45
 10 12 6
 11 19 27
 12 97 31
 13 2 72
 14 87 28
 15 76 63
 16 10 82
 17 38 67
 18 52 78
 19 82 18
 20 81 75
 21 48 31
 22 91 94
 23 50 78
 24 80 12
 25 54 84
 26 46 87
 27 38 54
 28 81 15
 29 14 82
 30 68 72
 31 87 16
 32 41 28
 33 15 92
 34 83 2
 35 34 54
 36 23 90
 37 48 60
 38 47 25
 39 93 48
 40 52 74
 41 26 48
 42 74 71
 43 60 43
 44 58 10
 45 79 82
 46 87 19
 47 6 49
 48 26 95
 49 71 49
 50 89 59
 51 43 97
 52 24 75
 53 11 57
 54 60 58
 55 0 19
 56 87 55
 57 13 42
 58 88 74
 59 97 38
 60 3 53
 61 5 1
 62 78 11
 63 96 88
 64 13 14
 65 52 45
 66 20 57
 67 52 9
 68 67 25
 69 65 59
 70 41 14
 71 30 12
 72 6 86
 73 41 66
 74 28 65
 75 87 43
 76 22 7
 77 76 68
 78 8 75
 79 13 27
 80 98 90
 81 31 2
 82 23 5
 83 77 97
 84 49 4
 85 98 86
 86 28 15
 87 20 74
 88 29 7
 89 41 0
 90 51 2
 91 84 99
 92 92 41
 93 12 88
 94 21 90
 95 18 5
 96 32 38
 97 92 26
 98 34 73
 99 75 66
 100 62 77
4500
